0.0202755595904 2
0.0225283995449 2
0.0250315550499 2
0.0278128389444 2
0.0309031543826 2
0.0343368382029 2
0.0381520424477 2
0.0423911582752 2
0.0471012869725 2
0.0523347633027 2
0.058149737003 2
0.0646108188923 2
0.0717897987692 3
0.058149737003 3
0.0523347633027 1
0.0471012869725 1
0.0381520424477 3
0.0225283995449 0
0.0423911582752 3
0.0797664430769 3
0.0646108188923 3
0.0523347633027 3
0.0423911582752 3
0.0164232032683 2
0.0182480036314 2
0.0202755595904 0
0.0381520424477 2
0.0423911582752 2
0.0471012869725 3
0.058149737003 3
0.0717897987692 3
0.0886293811965 3
0.0717897987692 3
0.0646108188923 1
0.058149737003 1
0.0523347633027 1
0.0471012869725 1
0.0523347633027 3
0.0646108188923 3
0.0797664430769 3
0.0984770902184 3
0.0797664430769 3
0.0646108188923 3
1.0 3
0.058149737003 2
0.0646108188923 2
0.0717897987692 3
0.0646108188923 1
0.058149737003 1
0.0646108188923 2
0.0717897987692 2
0.0797664430769 2
0.0886293811965 2
0.0984770902184 2
0.109418989132 3
0.0984770902184 1
0.0886293811965 1
0.0717897987692 3
0.058149737003 3
0.0 -1
0.0797664430769 3
0.121576654591 3
0.0797664430769 0
0.0797664430769 3
0.0646108188923 3
1.0 0
0.531441 3
0.0886293811965 2
0.0984770902184 2
0.109418989132 2
0.121576654591 2
0.135085171767 2
0.150094635297 2
0.166771816997 3
0.150094635297 1
0.135085171767 1
0.0717897987692 0
0.0797664430769 2
0.0886293811965 3
0.0797664430769 1
0.0717897987692 1
0.9 0
0.59049 3
0.0984770902184 0
0.185302018885 3
0.0984770902184 3
0.81 0
0.729 1
0.6561 1
0.59049 1
0.59049 3
0.0886293811965 0
0.166771816997 2
0.185302018885 2
0.205891132095 3
0.185302018885 1
0.166771816997 1
0.135085171767 3
0.109418989132 3
0.0984770902184 1
0.0886293811965 1
0.729 0
0.6561 3
0.22876792455 3
0.150094635297 3
0.121576654591 3
0.0797664430769 0
0.729 3
0.59049 2
0.6561 2
0.729 3
0.6561 1
0.59049 1
0.205891132095 2
0.22876792455 2
0.254186582833 3
0.205891132095 3
0.166771816997 3
0.135085171767 3
0.0717897987692 0
0.81 3
0.81 3
0.531441 0
0.282429536481 3
0.22876792455 3
0.185302018885 3
0.150094635297 3
0.9 2
1.0 2
0.0 -1
1.0 1
0.9 1
0.4782969 0
0.43046721 1
0.387420489 1
0.3486784401 1
0.31381059609 1
0.282429536481 1
0.254186582833 1
0.22876792455 1
0.205891132095 1
0.185302018885 1
0.166771816997 1
0.150094635297 1
0.135085171767 1
1.0 0
1.0 3
0.43046721 0
0.3486784401 0
0.282429536481 0
0.185302018885 0
0.150094635297 0
0.4782969 3
0.9 0
0.0 -1
0.387420489 0
0.31381059609 0
0.254186582833 0
0.135085171767 2
0.150094635297 2
0.166771816997 0
0.150094635297 1
0.135085171767 0
0.121576654591 1
0.109418989132 1
0.531441 3
0.81 0
0.22876792455 0
0.150094635297 0
0.121576654591 0
0.59049 2
0.6561 2
0.729 0
0.109418989132 2
0.121576654591 2
0.135085171767 2
0.150094635297 2
0.166771816997 2
0.185302018885 2
0.205891132095 0
0.185302018885 1
0.166771816997 1
0.150094635297 1
0.135085171767 0
0.109418989132 0
0.0984770902184 1
0.0886293811965 1
0.531441 0
0.0984770902184 0
0.121576654591 0
0.185302018885 0
0.121576654591 0
0.0797664430769 0
0.4782969 0
0.0717897987692 2
0.0797664430769 2
0.0886293811965 0
0.0984770902184 2
0.109418989132 0
0.135085171767 2
0.150094635297 2
0.166771816997 0
0.0886293811965 2
0.0984770902184 2
0.109418989132 0
0.0984770902184 1
0.0886293811965 1
0.0797664430769 1
0.0717897987692 0
iterations  28
